sitios=75;       // Número de sitios con biomasa
prepilas=26;     // Número de potenciales prepilas
pilas=39;        // Número de potenciales pilas
Krecogida=1;     // Tipos de máquina de recogidas, según sus capacidades volumétricas y velocidades
m=1;             // Número de máquinas trituradoras
alpha1=1000;     // Constante
alpha2=1000;     // Constante
alpha3=1000;     // Constante
alpha4=10000;    // Constante
alpha5=25000;    // Constante
alpha6=10000;    // Constante
alpha7=5000;     // Constante
cap=3;         // Capacidad volumétrica de las máquinas recolectoras
captri=100;      // Capacidad de procesamiento de la trituradora
CFk=25000;     // Costos fijos máquinas de recogida
CFex=45000;      // Costo fijo máquina excavadora
CFm=170000;      // Costo fijo máquina trituradora
hs=[
348
348
348
408
408
408
490
490
490
490
598
598
598
489
489
489
570
570
570
440
440
440
444
444
444
444
549
549
549
387
387
387
408
408
408
450
450
450
450
450
524
524
524
524
524
524
566
566
566
566
566
566
402
402
402
402
402
485
485
485
485
485
412
412
412
592
592
592
528
528
528
528
528
528
528
];
f=[
0
75000
75000
75000
75000
75000
75000
75000
75000
75000
75000
75000
75000
75000
75000
75000
75000
75000
75000
75000
75000
75000
75000
75000
75000
75000
75000
75000
75000
75000
75000
75000
75000
75000
75000
75000
75000
75000
75000
];
g=[
15000
15000
15000
15000
15000
15000
15000
15000
15000
15000
15000
15000
15000
15000
15000
15000
15000
15000
15000
15000
15000
15000
15000
15000
15000
15000
];
Tsrk=[
2.90	999	999	999	999	999	999	999	999	999	999	999	999	999	999	999	999	999	999	999	999	999	999	999	999	999
3.77	999	999	999	999	999	999	999	999	999	999	999	999	999	999	999	999	999	999	999	999	999	999	999	999	999
3.19	999	999	999	999	999	999	999	999	999	999	999	999	999	999	999	999	999	999	999	999	999	999	999	999	999
999	4.76	999	999	999	999	999	999	999	999	999	999	999	999	999	999	999	999	999	999	999	999	999	999	999	999
999	3.37	999	999	999	999	999	999	999	999	999	999	999	999	999	999	999	999	999	999	999	999	999	999	999	999
999	5.44	999	999	999	999	999	999	999	999	999	999	999	999	999	999	999	999	999	999	999	999	999	999	999	999
999	999	5.30	999	999	999	999	999	999	999	999	999	999	999	999	999	999	999	999	999	999	999	999	999	999	999
999	999	6.94	999	999	999	999	999	999	999	999	999	999	999	999	999	999	999	999	999	999	999	999	999	999	999
999	999	8.12	999	999	999	999	999	999	999	999	999	999	999	999	999	999	999	999	999	999	999	999	999	999	999
999	999	5.30	999	999	999	999	999	999	999	999	999	999	999	999	999	999	999	999	999	999	999	999	999	999	999
999	999	999	3.49	999	999	999	999	999	999	999	999	999	999	999	999	999	999	999	999	999	999	999	999	999	999
999	999	999	6.97	999	999	999	999	999	999	999	999	999	999	999	999	999	999	999	999	999	999	999	999	999	999
999	999	999	7.97	999	999	999	999	999	999	999	999	999	999	999	999	999	999	999	999	999	999	999	999	999	999
999	999	999	999	7.34	999	999	999	999	999	999	999	999	999	999	999	999	999	999	999	999	999	999	999	999	999
999	999	999	999	3.26	999	999	999	999	999	999	999	999	999	999	999	999	999	999	999	999	999	999	999	999	999
999	999	999	999	5.30	999	999	999	999	999	999	999	999	999	999	999	999	999	999	999	999	999	999	999	999	999
999	999	999	999	999	5.24	999	999	999	999	999	999	999	999	999	999	999	999	999	999	999	999	999	999	999	999
999	999	999	999	999	5.24	999	999	999	999	999	999	999	999	999	999	999	999	999	999	999	999	999	999	999	999
999	999	999	999	999	4.76	999	999	999	999	999	999	999	999	999	999	999	999	999	999	999	999	999	999	999	999
999	999	999	999	999	999	3.66	999	999	999	999	999	999	999	999	999	999	999	999	999	999	999	999	999	999	999
999	999	999	999	999	999	2.93	999	999	999	999	999	999	999	999	999	999	999	999	999	999	999	999	999	999	999
999	999	999	999	999	999	7.28	999	999	999	999	999	999	999	999	999	999	999	999	999	999	999	999	999	999	999
999	999	999	999	999	999	999	5.92	999	999	999	999	999	999	999	999	999	999	999	999	999	999	999	999	999	999
999	999	999	999	999	999	999	7.40	999	999	999	999	999	999	999	999	999	999	999	999	999	999	999	999	999	999
999	999	999	999	999	999	999	7.36	999	999	999	999	999	999	999	999	999	999	999	999	999	999	999	999	999	999
999	999	999	999	999	999	999	5.92	999	999	999	999	999	999	999	999	999	999	999	999	999	999	999	999	999	999
999	999	999	999	999	999	999	999	6.41	999	999	999	999	999	999	999	999	999	999	999	999	999	999	999	999	999
999	999	999	999	999	999	999	999	5.95	999	999	999	999	999	999	999	999	999	999	999	999	999	999	999	999	999
999	999	999	999	999	999	999	999	4.58	999	999	999	999	999	999	999	999	999	999	999	999	999	999	999	999	999
999	999	999	999	999	999	999	999	999	2.25	999	999	999	999	999	999	999	999	999	999	999	999	999	999	999	999
999	999	999	999	999	999	999	999	999	2.90	999	999	999	999	999	999	999	999	999	999	999	999	999	999	999	999
999	999	999	999	999	999	999	999	999	4.19	999	999	999	999	999	999	999	999	999	999	999	999	999	999	999	999
999	999	999	999	999	999	999	999	999	999	6.77	999	999	999	999	999	999	999	999	999	999	999	999	999	999	999
999	999	999	999	999	999	999	999	999	999	3.06	999	999	999	999	999	999	999	999	999	999	999	999	999	999	999
999	999	999	999	999	999	999	999	999	999	3.40	999	999	999	999	999	999	999	999	999	999	999	999	999	999	999
999	999	999	999	999	999	999	999	999	999	999	5.26	18.42	999	999	999	999	999	999	999	999	999	999	999	999	999
999	999	999	999	999	999	999	999	999	999	999	7.52	3.76	999	999	999	999	999	999	999	999	999	999	999	999	999
999	999	999	999	999	999	999	999	999	999	999	8.65	15.00	999	999	999	999	999	999	999	999	999	999	999	999	999
999	999	999	999	999	999	999	999	999	999	999	5.64	7.52	999	999	999	999	999	999	999	999	999	999	999	999	999
999	999	999	999	999	999	999	999	999	999	999	8.27	5.26	999	999	999	999	999	999	999	999	999	999	999	999	999
999	999	999	999	999	999	999	999	999	999	999	999	999	8.68	23.11	999	999	999	999	999	999	999	999	999	999	999
999	999	999	999	999	999	999	999	999	999	999	999	999	4.80	13.52	999	999	999	999	999	999	999	999	999	999	999
999	999	999	999	999	999	999	999	999	999	999	999	999	21.80	21.80	999	999	999	999	999	999	999	999	999	999	999
999	999	999	999	999	999	999	999	999	999	999	999	999	14.39	3.92	999	999	999	999	999	999	999	999	999	999	999
999	999	999	999	999	999	999	999	999	999	999	999	999	23.98	8.68	999	999	999	999	999	999	999	999	999	999	999
999	999	999	999	999	999	999	999	999	999	999	999	999	26.16	8.28	999	999	999	999	999	999	999	999	999	999	999
999	999	999	999	999	999	999	999	999	999	999	999	999	999	999	8.97	18.83	999	999	999	999	999	999	999	999	999
999	999	999	999	999	999	999	999	999	999	999	999	999	999	999	3.78	16.05	999	999	999	999	999	999	999	999	999
999	999	999	999	999	999	999	999	999	999	999	999	999	999	999	23.13	18.41	999	999	999	999	999	999	999	999	999
999	999	999	999	999	999	999	999	999	999	999	999	999	999	999	10.86	5.19	999	999	999	999	999	999	999	999	999
999	999	999	999	999	999	999	999	999	999	999	999	999	999	999	10.38	8.97	999	999	999	999	999	999	999	999	999
999	999	999	999	999	999	999	999	999	999	999	999	999	999	999	17.94	4.72	999	999	999	999	999	999	999	999	999
999	999	999	999	999	999	999	999	999	999	999	999	999	999	999	999	999	4.70	11.42	999	999	999	999	999	999	999
999	999	999	999	999	999	999	999	999	999	999	999	999	999	999	999	999	3.70	16.77	999	999	999	999	999	999	999
999	999	999	999	999	999	999	999	999	999	999	999	999	999	999	999	999	8.40	6.38	999	999	999	999	999	999	999
999	999	999	999	999	999	999	999	999	999	999	999	999	999	999	999	999	6.05	6.05	999	999	999	999	999	999	999
999	999	999	999	999	999	999	999	999	999	999	999	999	999	999	999	999	13.78	2.69	999	999	999	999	999	999	999
999	999	999	999	999	999	999	999	999	999	999	999	999	999	999	999	999	999	999	3.64	14.54	999	999	999	999	999
999	999	999	999	999	999	999	999	999	999	999	999	999	999	999	999	999	999	999	6.46	8.04	999	999	999	999	999
999	999	999	999	999	999	999	999	999	999	999	999	999	999	999	999	999	999	999	6.46	8.89	999	999	999	999	999
999	999	999	999	999	999	999	999	999	999	999	999	999	999	999	999	999	999	999	8.08	2.83	999	999	999	999	999
999	999	999	999	999	999	999	999	999	999	999	999	999	999	999	999	999	999	999	15.76	8.04	999	999	999	999	999
999	999	999	999	999	999	999	999	999	999	999	999	999	999	999	999	999	999	999	999	999	5.50	999	999	999	999
999	999	999	999	999	999	999	999	999	999	999	999	999	999	999	999	999	999	999	999	999	2.41	999	999	999	999
999	999	999	999	999	999	999	999	999	999	999	999	999	999	999	999	999	999	999	999	999	4.82	999	999	999	999
999	999	999	999	999	999	999	999	999	999	999	999	999	999	999	999	999	999	999	999	999	999	6.42	999	999	999
999	999	999	999	999	999	999	999	999	999	999	999	999	999	999	999	999	999	999	999	999	999	5.43	999	999	999
999	999	999	999	999	999	999	999	999	999	999	999	999	999	999	999	999	999	999	999	999	999	8.89	999	999	999
999	999	999	999	999	999	999	999	999	999	999	999	999	999	999	999	999	999	999	999	999	999	999	3.08	9.68	17.16
999	999	999	999	999	999	999	999	999	999	999	999	999	999	999	999	999	999	999	999	999	999	999	8.76	13.20	17.56
999	999	999	999	999	999	999	999	999	999	999	999	999	999	999	999	999	999	999	999	999	999	999	13.64	3.08	13.20
999	999	999	999	999	999	999	999	999	999	999	999	999	999	999	999	999	999	999	999	999	999	999	14.52	5.72	4.84
999	999	999	999	999	999	999	999	999	999	999	999	999	999	999	999	999	999	999	999	999	999	999	22.00	13.64	11.00
999	999	999	999	999	999	999	999	999	999	999	999	999	999	999	999	999	999	999	999	999	999	999	19.36	16.72	7.48
999	999	999	999	999	999	999	999	999	999	999	999	999	999	999	999	999	999	999	999	999	999	999	25.52	21.96	8.36
];
Tspk=[
999	11.89	6.09	999	999	999	999	999	999	999	999	999	999	999	999	999	999	999	999	999	999	999	999	999	999	999	999	999	999	999	999	999	999	999	999	999	999	999	999
999	11.89	14.50	999	999	999	999	999	999	999	999	999	999	999	999	999	999	999	999	999	999	999	999	999	999	999	999	999	999	999	999	999	999	999	999	999	999	999	999
999	6.67	13.92	999	999	999	999	999	999	999	999	999	999	999	999	999	999	999	999	999	999	999	999	999	999	999	999	999	999	999	999	999	999	999	999	999	999	999	999
999	13.60	6.46	6.77	999	999	999	999	999	999	999	999	999	999	999	999	999	999	999	999	999	999	999	999	999	999	999	999	999	999	999	999	999	999	999	999	999	999	999
999	8.84	10.88	7.82	999	999	999	999	999	999	999	999	999	999	999	999	999	999	999	999	999	999	999	999	999	999	999	999	999	999	999	999	999	999	999	999	999	999	999
999	4.08	15.64	10.20	999	999	999	999	999	999	999	999	999	999	999	999	999	999	999	999	999	999	999	999	999	999	999	999	999	999	999	999	999	999	999	999	999	999	999
999	6.53	999	12.20	12.65	999	999	999	999	999	999	999	999	999	999	999	999	999	999	999	999	999	999	999	999	999	999	999	999	999	999	999	999	999	999	999	999	999	999
999	7.34	999	20.40	15.10	999	999	999	999	999	999	999	999	999	999	999	999	999	999	999	999	999	999	999	999	999	999	999	999	999	999	999	999	999	999	999	999	999	999
999	12.65	999	20.40	8.98	999	999	999	999	999	999	999	999	999	999	999	999	999	999	999	999	999	999	999	999	999	999	999	999	999	999	999	999	999	999	999	999	999	999
999	11.83	999	12.24	6.53	999	999	999	999	999	999	999	999	999	999	999	999	999	999	999	999	999	999	999	999	999	999	999	999	999	999	999	999	999	999	999	999	999	999
999	999	8.96	18.92	999	9.96	999	999	999	999	11.45	17.43	999	999	999	999	999	999	999	999	999	999	999	999	999	999	999	999	999	999	999	999	999	999	999	999	999	999	999
999	999	19.87	23.90	999	10.96	999	999	999	999	11.45	9.96	999	999	999	999	999	999	999	999	999	999	999	999	999	999	999	999	999	999	999	999	999	999	999	999	999	999	999
999	999	10.46	24.40	999	6.47	999	999	999	999	22.41	20.42	999	999	999	999	999	999	999	999	999	999	999	999	999	999	999	999	999	999	999	999	999	999	999	999	999	999	999
999	999	999	4.90	18.36	8.16	6.12	18.36	999	999	999	999	999	999	999	999	999	999	999	999	999	999	999	999	999	999	999	999	999	999	999	999	999	999	999	999	999	999	999
999	999	999	8.16	10.20	15.91	10.20	12.24	999	999	999	999	999	999	999	999	999	999	999	999	999	999	999	999	999	999	999	999	999	999	999	999	999	999	999	999	999	999	999
999	999	999	16.28	8.98	18.36	10.61	8.12	999	999	999	999	999	999	999	999	999	999	999	999	999	999	999	999	999	999	999	999	999	999	999	999	999	999	999	999	999	999	999
999	999	999	999	999	7.62	7.14	999	15.23	999	999	13.33	19.52	999	999	999	999	999	999	999	999	999	999	999	999	999	999	999	999	999	999	999	999	999	999	999	999	999	999
999	999	999	999	999	14.76	17.14	999	14.23	999	999	7.62	9.52	999	999	999	999	999	999	999	999	999	999	999	999	999	999	999	999	999	999	999	999	999	999	999	999	999	999
999	999	999	999	999	18.99	14.76	999	6.19	999	999	13.80	11.90	999	999	999	999	999	999	999	999	999	999	999	999	999	999	999	999	999	999	999	999	999	999	999	999	999	999
999	999	999	999	999	999	8.05	11.35	7.69	10.98	999	999	999	999	999	999	999	999	999	999	999	999	999	999	999	999	999	999	999	999	999	999	999	999	999	999	999	999	999
999	999	999	999	999	999	11.71	5.86	12.08	7.28	999	999	999	999	999	999	999	999	999	999	999	999	999	999	999	999	999	999	999	999	999	999	999	999	999	999	999	999	999
999	999	999	999	999	999	12.81	10.61	7.69	6.22	999	999	999	999	999	999	999	999	999	999	999	999	999	999	999	999	999	999	999	999	999	999	999	999	999	999	999	999	999
999	999	999	999	999	999	999	999	6.29	19.61	999	999	4.81	4.44	999	999	999	999	999	999	999	999	999	999	999	999	999	999	999	999	999	999	999	999	999	999	999	999	999
999	999	999	999	999	999	999	999	10.73	22.20	999	999	8.51	6.29	999	999	999	999	999	999	999	999	999	999	999	999	999	999	999	999	999	999	999	999	999	999	999	999	999
999	999	999	999	999	999	999	999	9.25	18.50	999	999	12.21	10.73	999	999	999	999	999	999	999	999	999	999	999	999	999	999	999	999	999	999	999	999	999	999	999	999	999
999	999	999	999	999	999	999	999	7.03	11.06	999	999	16.65	15.91	999	999	999	999	999	999	999	999	999	999	999	999	999	999	999	999	999	999	999	999	999	999	999	999	999
999	999	999	999	999	999	999	999	999	999	7.33	20.61	999	999	5.95	13.69	20.61	999	999	999	999	999	999	999	999	999	999	999	999	999	999	999	999	999	999	999	999	999	999
999	999	999	999	999	999	999	999	999	999	12.37	7.79	999	999	16.95	18.32	9.16	999	999	999	999	999	999	999	999	999	999	999	999	999	999	999	999	999	999	999	999	999	999
999	999	999	999	999	999	999	999	999	999	14.66	15.11	999	999	15.11	10.53	11.45	999	999	999	999	999	999	999	999	999	999	999	999	999	999	999	999	999	999	999	999	999	999
999	999	999	999	999	999	999	999	999	999	999	8.05	7.41	8.37	999	999	3.22	3.54	6.44	999	999	999	999	999	999	999	999	999	999	999	999	999	999	999	999	999	999	999	999
999	999	999	999	999	999	999	999	999	999	999	6.12	4.19	6.12	999	999	5.15	9.63	9.98	999	999	999	999	999	999	999	999	999	999	999	999	999	999	999	999	999	999	999	999
999	999	999	999	999	999	999	999	999	999	999	11.91	5.80	5.15	999	999	8.05	9.63	5.15	999	999	999	999	999	999	999	999	999	999	999	999	999	999	999	999	999	999	999	999
999	999	999	999	999	999	999	999	999	999	999	999	999	999	999	6.77	13.94	13.57	999	999	999	999	4.08	7.48	999	999	999	999	999	999	999	999	999	999	999	999	999	999	999
999	999	999	999	999	999	999	999	999	999	999	999	999	999	999	7.48	8.50	7.14	999	999	999	999	8.50	9.86	999	999	999	999	999	999	999	999	999	999	999	999	999	999	999
999	999	999	999	999	999	999	999	999	999	999	999	999	999	999	10.88	9.86	6.46	999	999	999	999	10.54	6.77	999	999	999	999	999	999	999	999	999	999	999	999	999	999	999
999	999	999	999	999	999	999	999	999	999	999	999	999	999	999	999	999	16.17	16.17	999	999	999	999	4.14	9.40	999	999	999	999	999	999	999	999	999	999	999	999	999	999
999	999	999	999	999	999	999	999	999	999	999	999	999	999	999	999	999	6.77	6.39	999	999	999	999	7.14	19.93	999	999	999	999	999	999	999	999	999	999	999	999	999	999
999	999	999	999	999	999	999	999	999	999	999	999	999	999	999	999	999	22.94	19.93	999	999	999	999	13.54	19.18	999	999	999	999	999	999	999	999	999	999	999	999	999	999
999	999	999	999	999	999	999	999	999	999	999	999	999	999	999	999	999	18.80	13.91	999	999	999	999	11.28	18.42	999	999	999	999	999	999	999	999	999	999	999	999	999	999
999	999	999	999	999	999	999	999	999	999	999	999	999	999	999	999	999	14.29	10.53	999	999	999	999	12.41	21.81	999	999	999	999	999	999	999	999	999	999	999	999	999	999
999	999	999	999	999	999	999	999	999	999	999	999	999	999	25.72	32.70	999	999	999	7.85	7.41	22.67	34.01	999	999	999	999	999	999	999	999	999	999	21.36	999	999	999	999	999
999	999	999	999	999	999	999	999	999	999	999	999	999	999	16.13	22.67	999	999	999	16.57	16.13	17.40	23.98	999	999	999	999	999	999	999	999	999	999	11.34	999	999	999	999	999
999	999	999	999	999	999	999	999	999	999	999	999	999	999	21.80	21.36	999	999	999	26.12	19.62	6.98	21.80	999	999	999	999	999	999	999	999	999	999	11.77	999	999	999	999	999
999	999	999	999	999	999	999	999	999	999	999	999	999	999	9.16	13.08	999	999	999	26.16	25.29	11.34	14.39	999	999	999	999	999	999	999	999	999	999	2.18	999	999	999	999	999
999	999	999	999	999	999	999	999	999	999	999	999	999	999	9.16	5.23	999	999	999	33.57	33.14	14.39	7.41	999	999	999	999	999	999	999	999	999	999	6.98	999	999	999	999	999
999	999	999	999	999	999	999	999	999	999	999	999	999	999	17.88	8.72	999	999	999	36.19	34.01	9.59	7.41	999	999	999	999	999	999	999	999	999	999	10.03	999	999	999	999	999
999	999	999	999	999	999	999	999	999	999	999	999	999	999	999	999	999	999	999	999	999	14.11	18.41	27.38	23.60	999	999	999	9.39	20.30	22.66	999	999	999	16.99	2.36	12.74	999	999
999	999	999	999	999	999	999	999	999	999	999	999	999	999	999	999	999	999	999	999	999	16.99	8.50	18.83	17.46	999	999	999	16.52	24.07	25.02	999	999	999	7.08	9.44	9.44	999	999
999	999	999	999	999	999	999	999	999	999	999	999	999	999	999	999	999	999	999	999	999	26.43	13.22	9.39	14.16	999	999	999	25.96	29.74	26.90	999	999	999	4.25	18.41	12.74	999	999
999	999	999	999	999	999	999	999	999	999	999	999	999	999	999	999	999	999	999	999	999	23.13	23.13	28.27	14.16	999	999	999	18.41	14.11	14.11	999	999	999	15.10	9.91	9.39	999	999
999	999	999	999	999	999	999	999	999	999	999	999	999	999	999	999	999	999	999	999	999	26.43	17.94	14.63	6.14	999	999	999	24.07	23.60	16.99	999	999	999	9.39	15.58	5.66	999	999
999	999	999	999	999	999	999	999	999	999	999	999	999	999	999	999	999	999	999	999	999	32.10	28.79	25.96	9.44	999	999	999	27.38	18.41	6.14	999	999	999	17.46	18.88	10.86	999	999
999	999	999	999	999	999	999	999	999	999	999	999	999	999	999	999	999	999	999	10.75	10.42	999	999	999	999	19.82	17.81	999	999	999	999	999	999	999	999	999	999	999	999
999	999	999	999	999	999	999	999	999	999	999	999	999	999	999	999	999	999	999	3.36	8.74	999	999	999	999	24.19	20.50	999	999	999	999	999	999	999	999	999	999	999	999
999	999	999	999	999	999	999	999	999	999	999	999	999	999	999	999	999	999	999	13.78	9.07	999	999	999	999	14.78	12.43	999	999	999	999	999	999	999	999	999	999	999	999
999	999	999	999	999	999	999	999	999	999	999	999	999	999	999	999	999	999	999	11.09	3.70	999	999	999	999	15.12	13.41	999	999	999	999	999	999	999	999	999	999	999	999
999	999	999	999	999	999	999	999	999	999	999	999	999	999	999	999	999	999	999	19.49	13.41	999	999	999	999	7.39	5.71	999	999	999	999	999	999	999	999	999	999	999	999
999	999	999	999	999	999	999	999	999	999	999	999	999	999	999	999	999	999	999	999	8.04	24.24	999	999	999	999	10.10	19.80	28.24	999	999	999	999	999	999	999	999	12.08	999
999	999	999	999	999	999	999	999	999	999	999	999	999	999	999	999	999	999	999	999	9.29	14.95	999	999	999	999	17.78	12.93	18.18	999	999	999	999	999	999	999	999	3.23	999
999	999	999	999	999	999	999	999	999	999	999	999	999	999	999	999	999	999	999	999	12.93	20.20	999	999	999	999	10.91	11.72	20.20	999	999	999	999	999	999	999	999	6.06	999
999	999	999	999	999	999	999	999	999	999	999	999	999	999	999	999	999	999	999	999	12.52	12.93	999	999	999	999	18.18	8.89	14.14	999	999	999	999	999	999	999	999	2.02	999
999	999	999	999	999	999	999	999	999	999	999	999	999	999	999	999	999	999	999	999	19.80	6.06	999	999	999	999	24.24	5.25	6.46	999	999	999	999	999	999	999	999	12.08	999
999	999	999	999	999	999	999	999	999	999	999	999	999	999	999	999	999	999	999	999	999	999	999	999	999	999	999	5.85	9.63	10.66	999	3.78	999	999	999	999	999	999	999
999	999	999	999	999	999	999	999	999	999	999	999	999	999	999	999	999	999	999	999	999	999	999	999	999	999	999	4.47	2.75	9.63	999	10.66	999	999	999	999	999	999	999
999	999	999	999	999	999	999	999	999	999	999	999	999	999	999	999	999	999	999	999	999	999	999	999	999	999	999	10.32	6.88	4.13	999	12.73	999	999	999	999	999	999	999
999	999	999	999	999	999	999	999	999	999	999	999	999	999	999	999	999	999	999	999	999	999	999	999	999	999	999	999	999	14.33	29.15	8.40	10.87	999	999	999	999	999	999
999	999	999	999	999	999	999	999	999	999	999	999	999	999	999	999	999	999	999	999	999	999	999	999	999	999	999	999	999	3.95	17.78	17.78	14.33	999	999	999	999	999	999
999	999	999	999	999	999	999	999	999	999	999	999	999	999	999	999	999	999	999	999	999	999	999	999	999	999	999	999	999	11.36	17.29	21.74	9.39	999	999	999	999	999	999
999	999	999	999	999	999	999	999	999	999	999	999	999	999	999	999	999	999	999	999	999	999	999	999	999	7.92	5.28	21.12	999	999	999	19.36	34.76	999	999	999	999	999	7.48
999	999	999	999	999	999	999	999	999	999	999	999	999	999	999	999	999	999	999	999	999	999	999	999	999	11.00	12.76	25.96	999	999	999	19.80	32.12	999	999	999	999	999	11.88
999	999	999	999	999	999	999	999	999	999	999	999	999	999	999	999	999	999	999	999	999	999	999	999	999	18.92	11.00	10.12	999	999	999	10.12	27.72	999	999	999	999	999	4.40
999	999	999	999	999	999	999	999	999	999	999	999	999	999	999	999	999	999	999	999	999	999	999	999	999	22.00	18.92	15.40	999	999	999	6.60	20.24	999	999	999	999	999	7.48
999	999	999	999	999	999	999	999	999	999	999	999	999	999	999	999	999	999	999	999	999	999	999	999	999	17.60	18.92	25.96	999	999	999	17.16	26.40	999	999	999	999	999	13.64
999	999	999	999	999	999	999	999	999	999	999	999	999	999	999	999	999	999	999	999	999	999	999	999	999	24.64	25.52	26.40	999	999	999	15.84	20.24	999	999	999	999	999	17.60
999	999	999	999	999	999	999	999	999	999	999	999	999	999	999	999	999	999	999	999	999	999	999	999	999	31.68	30.80	24.20	999	999	999	12.32	11.00	999	999	999	999	999	19.80
];
Trpk=[
99	0.033	0.039	99	99	99	99	99	99	99	99	99	99	99	99	99	99	99	99	99	99	99	99	99	99	99	99	99	99	99	99	99	99	99	99	99	99	99	99
99	0.027	0.030	0.018	99	99	99	99	99	99	99	99	99	99	99	99	99	99	99	99	99	99	99	99	99	99	99	99	99	99	99	99	99	99	99	99	99	99	99
99	0.019	99	0.036	99	99	99	99	99	99	99	99	99	99	99	99	99	99	99	99	99	99	99	99	99	99	99	99	99	99	99	99	99	99	99	99	99	99	99
99	99	0.022	0.036	99	0.015	99	99	99	99	0.027	0.030	99	99	99	99	99	99	99	99	99	99	99	99	99	99	99	99	99	99	99	99	99	99	99	99	99	99	99
99	99	99	0.022	0.029	0.040	0.017	0.026	99	99	99	99	99	99	99	99	99	99	99	99	99	99	99	99	99	99	99	99	99	99	99	99	99	99	99	99	99	99	99
99	99	99	99	99	0.025	0.026	99	0.030	99	99	0.022	0.029	99	99	99	99	99	99	99	99	99	99	99	99	99	99	99	99	99	99	99	99	99	99	99	99	99	99
99	99	99	99	99	99	0.025	0.021	0.027	0.021	99	99	99	99	99	99	99	99	99	99	99	99	99	99	99	99	99	99	99	99	99	99	99	99	99	99	99	99	99
99	99	99	99	99	99	99	99	0.013	0.040	99	99	0.028	0.027	99	99	99	99	99	99	99	99	99	99	99	99	99	99	99	99	99	99	99	99	99	99	99	99	99
99	99	99	99	99	99	99	99	99	99	0.02	0.030	99	99	0.027	0.027	0.028	99	99	99	99	99	99	99	99	99	99	99	99	99	99	99	99	99	99	99	99	99	99
99	99	99	99	99	99	99	99	99	99	99	0.025	0.016	0.019	99	99	0.020	0.018	0.023	99	99	99	99	99	99	99	99	99	99	99	99	99	99	99	99	99	99	99	99
99	99	99	99	99	99	99	99	99	99	99	99	99	99	99	0.023	0.029	0.022	99	99	99	99	0.023	0.020	99	99	99	99	99	99	99	99	99	99	99	99	99	99	99
99	99	99	99	99	99	99	99	99	99	99	99	99	99	99	99	99	0.038	0.033	99	99	99	99	0.015	0.036	99	99	99	99	99	99	99	99	99	99	99	99	99	99
99	99	99	99	99	99	99	99	99	99	99	99	99	99	99	99	99	0.027	0.018	99	99	99	99	0.021	0.050	99	99	99	99	99	99	99	99	99	99	99	99	99	99
99	99	99	99	99	99	99	99	99	99	99	99	99	99	0.050	0.062	99	99	99	0.028	0.027	0.099	0.065	99	99	99	99	99	99	99	99	99	99	0.037	99	99	99	99	99
99	99	99	99	99	99	99	99	99	99	99	99	99	99	0.025	0.022	99	99	99	0.068	0.066	0.022	0.030	99	99	99	99	99	99	99	99	99	99	0.005	99	99	99	99	99
99	99	99	99	99	99	99	99	99	99	99	99	99	99	99	99	99	99	99	99	99	0.035	0.026	0.039	0.040	99	99	99	0.031	0.044	0.045	99	99	99	0.017	0.020	0.015	99	99
99	99	99	99	99	99	99	99	99	99	99	99	99	99	99	99	99	99	99	99	99	0.059	0.052	0.050	0.021	99	99	99	0.049	0.033	0.018	99	99	99	0.030	0.031	0.014	99	99
99	99	99	99	99	99	99	99	99	99	99	99	99	99	99	99	99	99	99	0.020	0.021	99	99	99	99	0.061	0.052	99	99	99	99	99	99	99	99	99	99	99	99
99	99	99	99	99	99	99	99	99	99	99	99	99	99	99	99	99	99	99	0.051	0.027	99	99	99	99	0.027	0.018	99	99	99	99	99	99	99	99	99	99	99	99
99	99	99	99	99	99	99	99	99	99	99	99	99	99	99	99	99	99	99	99	0.016	0.051	99	99	99	99	0.029	0.040	0.060	99	99	99	99	99	99	99	99	0.015	99
99	99	99	99	99	99	99	99	99	99	99	99	99	99	99	99	99	99	99	99	0.038	0.025	99	99	99	99	0.049	0.017	0.028	99	99	99	99	99	99	99	99	0.012	99
99	99	99	99	99	99	99	99	99	99	99	99	99	99	99	99	99	99	99	99	99	99	99	99	99	99	99	0.017	0.020	0.022	99	0.027	99	99	99	99	99	99	99
99	99	99	99	99	99	99	99	99	99	99	99	99	99	99	99	99	99	99	99	99	99	99	99	99	99	99	99	99	0.016	0.046	0.027	0.022	99	99	99	99	99	99
99	99	99	99	99	99	99	99	99	99	99	99	99	99	99	99	99	99	99	99	99	99	99	99	99	0.015	0.015	0.060	99	99	99	0.046	0.079	99	99	99	99	99	0.021
99	99	99	99	99	99	99	99	99	99	99	99	99	99	99	99	99	99	99	99	99	99	99	99	99	0.040	0.032	0.030	99	99	99	0.022	0.060	99	99	99	99	99	0.005
99	99	99	99	99	99	99	99	99	99	99	99	99	99	99	99	99	99	99	99	99	99	99	99	99	0.053	0.051	0.044	99	99	99	0.020	0.041	99	99	99	99	99	0.027
];
Tpq=[
0.000	0.003	0.048	0.066	0.051	0.047	0.061	0.067	0.088	0.085	0.072	0.068	0.087	99	99	99	99	99	99	99	99	99	99	99	99	99	99	99	99	99	99	99	99	99	99	99	99	99	99
0.003	0.000	0.045	0.025	0.053	0.044	0.058	0.072	0.085	0.088	0.069	0.065	0.086	0.091	0.080	99	0.077	99	99	99	99	99	99	99	99	99	99	99	99	99	99	99	99	99	99	99	99	99	99
0.048	0.045	0.000	0.021	0.050	0.041	0.054	0.069	0.081	0.085	0.024	0.050	0.071	0.074	0.035	0.054	0.062	0.070	0.084	0.085	99	99	0.060	99	99	99	99	99	99	99	99	99	99	99	99	99	99	99	99
0.066	0.025	0.021	0.000	0.066	0.019	0.033	0.047	0.061	0.063	0.045	0.040	0.061	0.066	0.054	0.077	0.052	0.060	0.074	99	99	99	0.081	99	99	99	99	99	99	99	99	99	99	99	99	99	99	99	99
0.051	0.053	0.050	0.066	0.000	0.049	0.041	0.019	0.059	0.035	0.073	0.067	0.074	0.081	0.085	99	0.081	0.087	99	99	99	99	99	99	99	99	99	99	99	99	99	99	99	99	99	99	99	99	99
0.047	0.044	0.041	0.019	0.049	0.000	0.014	0.034	0.041	0.052	0.047	0.021	0.042	0.047	0.059	0.063	0.067	0.041	0.055	99	99	99	0.067	0.061	0.088	99	99	99	99	99	99	99	99	99	99	99	99	99	99
0.061	0.058	0.054	0.033	0.041	0.014	0.000	0.021	0.066	0.039	0.061	0.034	0.044	0.047	0.072	0.077	0.046	0.053	0.067	99	99	99	0.081	0.075	99	99	99	99	99	99	99	99	99	99	99	99	99	99	99
0.067	0.072	0.069	0.047	0.019	0.034	0.021	0.000	0.041	0.014	0.083	0.057	0.058	0.063	99	99	0.069	0.077	0.087	99	99	99	99	99	99	99	99	99	99	99	99	99	99	99	99	99	99	99	99
0.088	0.085	0.081	0.061	0.059	0.041	0.066	0.041	0.000	0.025	0.065	0.038	0.017	0.022	0.074	0.081	0.050	0.058	0.045	99	99	99	0.085	0.080	99	99	99	99	99	99	99	99	99	99	99	99	99	99	99
0.085	0.088	0.085	0.063	0.035	0.052	0.039	0.014	0.025	0.000	0.087	0.061	0.042	0.047	99	99	0.075	0.081	0.070	99	99	99	99	99	99	99	99	99	99	99	99	99	99	99	99	99	99	99	99
0.072	0.069	0.024	0.045	0.073	0.047	0.061	0.083	0.065	0.087	0.000	0.007	0.047	0.053	0.011	0.067	0.039	0.046	0.060	0.061	0.088	0.070	0.037	0.068	99	99	99	99	0.081	99	99	99	99	0.007	99	99	99	99	99
0.068	0.065	0.050	0.040	0.067	0.021	0.034	0.057	0.038	0.061	0.007	0.000	0.021	0.026	0.038	0.043	0.012	0.020	0.033	0.088	99	0.081	0.047	0.042	0.067	99	99	99	99	99	0.091	99	99	99	99	99	99	99	99
0.087	0.086	0.071	0.061	0.074	0.042	0.044	0.058	0.017	0.042	0.047	0.021	0.000	0.005	0.059	0.064	0.033	0.041	0.066	99	99	99	0.068	0.061	0.088	99	99	99	99	99	99	99	99	99	99	99	99	99	99
99	0.091	0.074	0.066	0.081	0.047	0.047	0.063	0.022	0.047	0.053	0.026	0.005	0	0.064	0.067	0.038	0.037	0.023	99	99	99	0.073	0.059	0.085	99	99	99	99	99	99	99	99	99	99	99	99	99	99
99	0.080	0.035	0.054	0.085	0.059	0.072	99	0.074	99	0.011	0.038	0.059	0.064	0	0.021	0.050	0.057	0.071	0.050	0.077	0.059	0.025	0.059	0.084	99	99	0.083	0.070	99	99	99	99	0.015	99	99	99	99	99
99	99	0.054	0.077	99	0.063	0.077	99	0.081	99	0.067	0.043	0.064	0.067	0.021	0	0.066	0.039	0.052	0.071	0.081	0.037	0.004	0.037	0.061	99	99	0.062	0.049	99	0.087	0.081	99	99	99	99	99	99	99
99	0.077	0.062	0.052	0.081	0.067	0.046	0.069	0.050	0.075	0.039	0.012	0.033	0.038	0.050	0.066	0	0.007	0.021	99	99	0.068	0.035	0.066	0.055	99	99	0.093	0.079	99	0.079	99	99	99	99	99	99	99	99
99	99	0.070	0.060	0.087	0.041	0.053	0.077	0.058	0.081	0.046	0.020	0.041	0.037	0.057	0.039	0.007	0	0.014	99	99	0.075	0.041	0.022	0.047	99	99	99	0.087	99	0.071	99	99	99	99	99	99	99	99
99	99	0.084	0.074	99	0.055	0.067	0.087	0.045	0.070	0.060	0.033	0.066	0.023	0.071	0.052	0.021	0.014	0	99	99	0.087	0.054	0.034	0.061	99	99	99	99	99	0.085	99	99	99	99	99	99	99	99
99	99	0.085	99	99	99	99	99	99	99	0.061	0.088	99	99	0.050	0.071	99	99	99	0	0.007	0.070	99	99	99	0.061	0.053	99	0.081	99	99	99	99	99	99	99	99	0.045	99
99	99	99	99	99	99	99	99	99	99	0.088	99	99	99	0.077	0.081	99	99	99	0.007	0	0.043	0.077	99	99	0.034	0.007	0.067	0.055	99	99	0.087	99	99	99	99	99	0.018	99
99	99	99	99	99	99	99	99	99	99	0.070	0.081	99	99	0.059	0.037	0.068	0.075	0.087	0.070	0.043	0	0.033	0.067	0.092	0.081	0.073	0.025	0.011	0.055	99	0.044	99	0.015	99	0.024	0.039	99	99
99	99	0.060	0.081	99	0.067	0.081	99	0.085	99	0.037	0.047	0.068	0.073	0.025	0.004	0.035	0.041	0.054	99	0.077	0.033	0	0.033	0.059	99	99	0.057	0.045	0.089	0.081	99	99	99	0.017	99	99	99	99
99	99	99	99	99	0.061	0.075	99	0.080	99	0.068	0.042	0.061	0.059	0.059	0.037	0.066	0.022	0.034	99	99	0.067	0.033	0	0.025	99	99	0.091	0.078	0.073	0.047	99	0.087	99	99	99	99	99	99
99	99	99	99	99	0.088	99	99	99	99	99	0.067	0.088	0.085	0.084	0.061	0.055	0.047	0.061	99	99	0.092	0.059	0.025	0	99	99	99	0.091	0.047	0.024	0.073	0.061	99	0.017	0.066	0.015	99	99
99	99	99	99	99	99	99	99	99	99	99	99	99	99	99	99	99	99	99	0.061	0.034	0.081	6.60	6.60	6.60	0	0.007	0.058	0.071	99	99	0.077	0.083	99	99	99	99	99	0.066
99	99	99	99	99	99	99	99	99	99	99	99	99	99	99	99	99	99	99	0.053	0.007	0.073	6.60	6.60	6.60	0.007	0	0.049	0.062	99	99	0.068	0.093	99	99	99	99	99	0.018
99	99	99	99	99	99	99	99	99	99	99	99	99	99	0.083	0.062	0.093	99	99	99	0.067	0.025	0.057	0.091	6.60	0.058	0.049	0	0.013	0.045	0.068	0.019	0.051	99	99	0.026	0.041	0.018	0.037
99	99	99	99	99	99	99	99	99	99	0.081	99	99	99	0.070	0.049	0.079	0.087	99	0.081	0.055	0.011	0.045	0.078	0.091	0.071	0.062	0.013	0	0.045	0.068	0.067	0.064	0.007	99	0.013	0.066	0.066	99
99	99	99	99	99	99	99	99	99	99	99	99	99	99	99	99	99	99	99	99	99	0.055	0.089	0.073	0.047	6.60	6.60	0.045	0.045	0	0.023	0.025	0.057	99	99	99	99	99	0.043
99	99	99	99	99	99	99	99	99	99	99	0.091	99	99	99	0.087	0.079	0.071	0.085	99	99	99	0.081	0.047	0.024	6.60	6.60	0.068	0.068	0.023	0	0.049	0.037	99	99	99	99	99	99
99	99	99	99	99	99	99	99	99	99	99	99	99	99	99	0.081	99	99	99	99	0.087	0.044	99	99	0.073	0.077	0.068	0.019	0.067	0.025	0.049	0	0.066	99	99	99	99	0.037	0.018
99	99	99	99	99	99	99	99	99	99	99	99	99	99	99	99	99	99	99	99	99	99	99	0.087	0.061	0.083	0.093	0.051	0.064	0.057	0.037	0.066	0	99	99	99	99	99	99
99	99	99	99	99	99	99	99	99	99	0.007	99	99	99	0.015	99	99	99	99	99	99	0.015	99	99	99	99	99	99	0.007	99	99	99	99	0	99	99	99	99	99
99	99	99	99	99	99	99	99	99	99	99	99	99	99	99	0.021	99	99	99	99	99	99	0.017	99	0.017	99	99	99	99	99	99	99	99	99	0	99	99	99	99
99	99	99	99	99	99	99	99	99	99	99	99	99	99	99	99	99	99	99	99	99	0.024	99	99	0.066	99	99	0.026	0.013	99	99	99	99	99	99	0	0.015	99	99
99	99	99	99	99	99	99	99	99	99	99	99	99	99	99	99	99	99	99	99	99	0.039	99	99	0.015	99	99	0.041	0.066	99	99	99	99	99	99	0.015	0	99	99
99	99	99	99	99	99	99	99	99	99	99	99	99	99	99	99	99	99	99	0.045	0.018	99	99	99	99	99	99	0.018	0.066	99	99	0.037	99	99	99	99	99	0	99
99	99	99	99	99	99	99	99	99	99	99	99	99	99	99	99	99	99	99	99	99	99	99	99	99	0.066	0.018	0.037	99	0.043	99	0.018	99	99	99	99	99	99	0
];
Npq=[
0	0	0	0	0	0	0	0	0	0	0	0	0	0	0	0	0	0	0	0	0	0	0	0	0	0	0	0	0	0	0	0	0	0	0	0	0	0	0
0	0	0	0	0	0	0	0	0	0	0	0	0	0	0	0	0	0	0	0	0	0	0	0	0	0	0	0	0	0	0	0	0	0	0	0	0	0	0
0	0	0	0	0	0	0	0	0	0	0	0	0	0	0	0	0	0	0	0	0	0	0	0	0	0	0	0	0	0	0	0	0	0	0	0	0	0	0
0	0	0	0	0	0	0	0	0	0	0	0	0	0	0	0	0	0	0	0	0	0	0	0	0	0	0	0	0	0	0	0	0	0	0	0	0	0	0
0	0	0	0	0	0	0	0	0	0	0	0	0	0	0	0	0	0	0	0	0	0	0	0	0	0	0	0	0	0	0	0	0	0	0	0	0	0	0
0	0	0	0	0	0	0	0	0	0	0	0	0	0	0	0	0	0	0	0	0	0	0	0	0	0	0	0	0	0	0	0	0	0	0	0	0	0	0
0	0	0	0	0	0	0	0	0	0	0	0	0	0	0	0	0	0	0	0	0	0	0	0	0	0	0	0	0	0	0	0	0	0	0	0	0	0	0
0	0	0	0	0	0	0	0	0	0	0	0	0	0	0	0	0	0	0	0	0	0	0	0	0	0	0	0	0	0	0	0	0	0	0	0	0	0	0
0	0	0	0	0	0	0	0	0	0	0	0	0	0	0	0	0	0	0	0	0	0	0	0	0	0	0	0	0	0	0	0	0	0	0	0	0	0	0
0	0	0	0	0	0	0	0	0	0	0	0	0	0	0	0	0	0	0	0	0	0	0	0	0	0	0	0	0	0	0	0	0	0	0	0	0	0	0
0	0	0	0	0	0	0	0	0	0	0	0	0	0	0	0	0	0	0	0	0	0	0	0	0	0	0	0	0	0	0	0	0	161000	0	0	0	0	0
0	0	0	0	0	0	0	0	0	0	0	0	0	0	0	0	0	0	0	0	0	0	0	0	0	0	0	0	0	0	0	0	0	0	0	0	0	0	0
0	0	0	0	0	0	0	0	0	0	0	0	0	0	0	0	0	0	0	0	0	0	0	0	0	0	0	0	0	0	0	0	0	0	0	0	0	0	0
0	0	0	0	0	0	0	0	0	0	0	0	0	0	0	0	0	0	0	0	0	0	0	0	0	0	0	0	0	0	0	0	0	0	0	0	0	0	0
0	0	0	0	0	0	0	0	0	0	0	0	0	0	0	0	0	0	0	0	0	0	0	0	0	0	0	0	0	0	0	0	0	161000	0	0	0	0	0
0	0	0	0	0	0	0	0	0	0	0	0	0	0	0	0	0	0	0	0	0	0	0	0	0	0	0	0	0	0	0	0	0	0	175000	0	0	0	0
0	0	0	0	0	0	0	0	0	0	0	0	0	0	0	0	0	0	0	0	0	0	0	0	0	0	0	0	0	0	0	0	0	0	0	0	0	0	0
0	0	0	0	0	0	0	0	0	0	0	0	0	0	0	0	0	0	0	0	0	0	0	0	0	0	0	0	0	0	0	0	0	0	0	0	0	0	0
0	0	0	0	0	0	0	0	0	0	0	0	0	0	0	0	0	0	0	0	0	0	0	0	0	0	0	0	0	0	0	0	0	0	0	0	0	0	0
0	0	0	0	0	0	0	0	0	0	0	0	0	0	0	0	0	0	0	0	0	0	0	0	0	0	0	0	0	0	0	0	0	0	0	0	0	189000	0
0	0	0	0	0	0	0	0	0	0	0	0	0	0	0	0	0	0	0	0	0	0	0	0	0	0	0	0	0	0	0	0	0	0	0	0	0	189000	0
0	0	0	0	0	0	0	0	0	0	0	0	0	0	0	0	0	0	0	0	0	0	0	0	0	0	0	0	0	0	0	0	0	161000	0	133000	0	0	0
0	0	0	0	0	0	0	0	0	0	0	0	0	0	0	0	0	0	0	0	0	0	0	0	0	0	0	0	0	0	0	0	0	0	175000	0	0	0	0
0	0	0	0	0	0	0	0	0	0	0	0	0	0	0	0	0	0	0	0	0	0	0	0	0	0	0	0	0	0	0	0	0	0	0	0	0	0	0
0	0	0	0	0	0	0	0	0	0	0	0	0	0	0	0	0	0	0	0	0	0	0	0	0	0	0	0	0	0	0	0	0	0	175000	315000	161000	0	0
0	0	0	0	0	0	0	0	0	0	0	0	0	0	0	0	0	0	0	0	0	0	0	0	0	0	0	0	0	0	0	0	0	0	0	0	0	0	189000
0	0	0	0	0	0	0	0	0	0	0	0	0	0	0	0	0	0	0	0	0	0	0	0	0	0	0	0	0	0	0	0	0	0	0	0	0	0	189000
0	0	0	0	0	0	0	0	0	0	0	0	0	0	0	0	0	0	0	0	0	0	0	0	0	0	0	0	0	0	0	0	0	0	0	133000	287000	189000	189000
0	0	0	0	0	0	0	0	0	0	0	0	0	0	0	0	0	0	0	0	0	0	0	0	0	0	0	0	0	0	0	0	0	161000	0	133000	287000	189000	0
0	0	0	0	0	0	0	0	0	0	0	0	0	0	0	0	0	0	0	0	0	0	0	0	0	0	0	0	0	0	0	0	0	0	0	0	0	0	189000
0	0	0	0	0	0	0	0	0	0	0	0	0	0	0	0	0	0	0	0	0	0	0	0	0	0	0	0	0	0	0	0	0	0	0	0	0	0	0
0	0	0	0	0	0	0	0	0	0	0	0	0	0	0	0	0	0	0	0	0	0	0	0	0	0	0	0	0	0	0	0	0	0	0	0	0	189000	189000
0	0	0	0	0	0	0	0	0	0	0	0	0	0	0	0	0	0	0	0	0	0	0	0	0	0	0	0	0	0	0	0	0	0	0	0	0	0	0
0	0	0	0	0	0	0	0	0	0	161000	0	0	0	161000	0	0	0	0	0	0	161000	0	0	0	0	0	0	161000	0	0	0	0	0	0	0	0	0	0
0	0	0	0	0	0	0	0	0	0	0	0	0	0	0	175000	0	0	0	0	0	0	175000	0	175000	0	0	0	0	0	0	0	0	0	0	0	0	0	0
0	0	0	0	0	0	0	0	0	0	0	0	0	0	0	0	0	0	0	0	0	133000	0	0	315000	0	0	133000	133000	0	0	0	0	0	0	0	154000	0	0
0	0	0	0	0	0	0	0	0	0	0	0	0	0	0	0	0	0	0	0	0	0	0	0	161000	0	0	287000	287000	0	0	0	0	0	0	154000	0	0	0
0	0	0	0	0	0	0	0	0	0	0	0	0	0	0	0	0	0	0	189000	189000	0	0	0	0	0	0	189000	189000	0	0	189000	0	0	0	0	0	0	0
0	0	0	0	0	0	0	0	0	0	0	0	0	0	0	0	0	0	0	0	0	0	0	0	0	189000	189000	189000	0	189000	0	189000	0	0	0	0	0	0	0
];